/workspace/python/keras-yolo3/VOCdevkit/VOC2007/JPEGImages/406.jpg 264,351,441,489,0 453,380,605,503,0 609,364,760,479,0 666,323,897,456,0 793,261,926,343,0 782,226,914,279,0 789,164,872,228,0 708,165,815,202,0 586,152,693,201,0 653,136,761,182,0 603,105,686,153,0 513,103,610,160,0 413,97,515,147,0 349,113,421,160,0 280,125,360,169,0 199,147,303,190,0 128,185,256,231,0 107,226,231,272,0 85,258,229,357,0 224,251,356,317,0 173,318,310,419,0
/workspace/python/keras-yolo3/VOCdevkit/VOC2007/JPEGImages/374.jpg 227,1,525,265,0 129,261,457,583,0 381,88,885,577,0
/workspace/python/keras-yolo3/VOCdevkit/VOC2007/JPEGImages/412.jpg 112,1,451,265,0 135,250,458,582,0 449,3,841,405,0
/workspace/python/keras-yolo3/VOCdevkit/VOC2007/JPEGImages/375.jpg 112,76,583,518,0 560,138,891,454,0
/workspace/python/keras-yolo3/VOCdevkit/VOC2007/JPEGImages/413.jpg 111,178,501,502,0 503,170,886,497,0
/workspace/python/keras-yolo3/VOCdevkit/VOC2007/JPEGImages/407.jpg 279,145,389,214,0 386,123,494,188,0 462,106,544,158,0 531,92,616,146,0 597,102,686,154,0 501,142,610,202,0 612,151,722,206,0 255,211,394,294,0 384,186,522,276,0 519,203,640,274,0 641,207,767,277,0 188,296,355,407,0 364,279,504,386,0 503,272,636,368,0 671,271,812,366,0 594,303,753,414,0 417,329,581,453,0 117,403,289,556,0 280,396,476,564,0 487,397,678,564,0 667,373,867,532,0
/workspace/python/keras-yolo3/VOCdevkit/VOC2007/JPEGImages/361.jpg 393,303,657,473,0 213,273,343,368,0 243,222,388,282,0 388,207,584,313,0 609,235,756,326,0 290,173,400,223,0 409,162,534,216,0 533,193,661,270,0 574,165,699,208,0 665,196,817,258,0
/workspace/python/keras-yolo3/VOCdevkit/VOC2007/JPEGImages/411.jpg 216,1,410,211,0 403,1,635,209,0 198,190,348,360,0 341,196,559,414,0 600,39,864,274,0 557,250,767,438,0 264,374,488,583,0 493,422,676,583,0
/workspace/python/keras-yolo3/VOCdevkit/VOC2007/JPEGImages/377.jpg 324,1,544,177,0 135,178,539,535,0 514,131,844,537,0
/workspace/python/keras-yolo3/VOCdevkit/VOC2007/JPEGImages/405.jpg 285,1,579,264,0 118,178,422,519,0 420,199,844,583,0
/workspace/python/keras-yolo3/VOCdevkit/VOC2007/JPEGImages/439.jpg 272,183,506,403,0 487,173,833,456,0
/workspace/python/keras-yolo3/VOCdevkit/VOC2007/JPEGImages/388.jpg 1,144,72,201,0 1,199,74,259,0 1,254,85,321,0 1,313,114,417,0 1,415,125,553,0 74,192,212,226,0 72,221,230,276,0 92,275,192,333,0 111,306,300,406,0 140,378,355,506,0 216,187,339,228,0 227,212,368,257,0 187,244,343,311,0 334,253,415,287,0 292,282,454,363,0 345,346,515,445,0 339,179,452,215,0 361,206,483,255,0 410,247,539,299,0 450,283,598,355,0 506,339,664,422,0 447,174,541,208,0 472,199,587,240,0 512,228,634,275,0 560,251,705,319,0 624,308,783,387,0 529,161,602,201,0 565,180,672,228,0 620,219,718,265,0 670,230,796,294,0 720,281,866,353,0 603,153,673,190,0 641,169,747,215,0 692,203,777,243,0 752,215,878,279,0 814,263,952,334,0 645,462,821,571,0 787,428,939,513,0 904,388,1000,461,0 929,455,1000,562,0 791,500,995,572,0
/workspace/python/keras-yolo3/VOCdevkit/VOC2007/JPEGImages/389.jpg 235,86,472,171,0 467,67,802,145,0 799,63,916,141,0 890,16,1000,216,0 29,168,456,282,0 475,123,924,248,0 244,201,738,433,0 725,212,1000,412,0
/workspace/python/keras-yolo3/VOCdevkit/VOC2007/JPEGImages/438.jpg 304,15,730,483,0 110,148,302,504,0 194,440,564,583,0
/workspace/python/keras-yolo3/VOCdevkit/VOC2007/JPEGImages/362.jpg 110,55,892,563,0
/workspace/python/keras-yolo3/VOCdevkit/VOC2007/JPEGImages/404.jpg 211,1,592,247,0 589,130,719,253,0 111,241,888,582,0
/workspace/python/keras-yolo3/VOCdevkit/VOC2007/JPEGImages/410.jpg 178,102,273,184,0 275,89,365,161,0 351,42,428,119,0 428,50,516,124,0 506,74,590,153,0 561,128,667,203,0 148,186,199,251,0 149,222,290,356,0 185,334,324,465,0 293,121,528,307,0 314,356,455,495,0 444,312,565,464,0 503,196,699,365,0 692,243,854,429,0
/workspace/python/keras-yolo3/VOCdevkit/VOC2007/JPEGImages/376.jpg 110,169,278,360,0 234,96,444,229,0 443,44,606,192,0 602,66,801,249,0 267,228,435,390,0 427,184,626,383,0 479,336,708,571,0 620,241,885,415,0
/workspace/python/keras-yolo3/VOCdevkit/VOC2007/JPEGImages/428.jpg 465,342,525,373,0 423,357,495,396,0 494,378,567,423,0 558,400,623,453,0 645,428,738,486,0 436,399,512,450,0 469,428,529,477,0 363,393,443,442,0 297,396,358,440,0 314,424,381,478,0 367,457,441,491,0 218,251,244,261,0 217,261,242,272,0 249,261,278,274,0 256,250,287,262,0 286,252,315,264,0 299,233,328,245,0 683,215,702,227,0 678,207,698,218,0
/workspace/python/keras-yolo3/VOCdevkit/VOC2007/JPEGImages/372.jpg 245,44,416,235,0 195,228,386,439,0 316,182,552,436,0 405,2,686,239,0 563,137,833,394,0 314,422,500,583,0 489,363,739,583,0
/workspace/python/keras-yolo3/VOCdevkit/VOC2007/JPEGImages/414.jpg 110,182,260,415,0 208,66,424,288,0 419,43,654,278,0 618,134,890,416,0 108,414,221,579,0 211,285,471,553,0 432,294,768,583,0
/workspace/python/keras-yolo3/VOCdevkit/VOC2007/JPEGImages/400.jpg 321,51,472,123,0 207,82,275,148,0 206,145,312,275,0 294,138,469,290,0 470,52,627,112,0 597,89,764,184,0 483,95,640,230,0 635,178,792,271,0 206,269,359,492,0 345,225,549,423,0 510,230,686,365,0 289,375,614,583,0 591,338,791,571,0 585,507,693,583,0 741,257,792,369,0 685,68,764,113,0 544,37,625,69,0 250,56,313,89,0 207,56,250,90,0
/workspace/python/keras-yolo3/VOCdevkit/VOC2007/JPEGImages/366.jpg 231,9,400,171,0 385,5,543,108,0 535,38,702,182,0 373,107,567,272,0 229,203,411,403,0 431,265,620,450,0 606,223,764,409,0 244,390,507,572,0 531,418,745,570,0
/workspace/python/keras-yolo3/VOCdevkit/VOC2007/JPEGImages/399.jpg 112,46,544,453,0 558,153,888,516,0
/workspace/python/keras-yolo3/VOCdevkit/VOC2007/JPEGImages/398.jpg 306,135,529,318,0 139,111,339,268,0 334,32,501,151,0 510,97,675,231,0 145,263,374,467,0 328,303,595,568,0 508,228,717,424,0 683,318,888,527,0
/workspace/python/keras-yolo3/VOCdevkit/VOC2007/JPEGImages/401.jpg 376,46,630,274,0 612,124,819,355,0 179,156,419,420,0 285,395,453,531,0 423,270,671,521,0
/workspace/python/keras-yolo3/VOCdevkit/VOC2007/JPEGImages/367.jpg 304,9,579,278,0 196,267,610,583,0 559,155,823,444,0
/workspace/python/keras-yolo3/VOCdevkit/VOC2007/JPEGImages/373.jpg 184,34,371,206,0 362,35,594,149,0 637,33,817,96,0 185,207,396,453,0 394,140,635,378,0 618,73,816,381,0 328,370,582,546,0 624,372,817,546,0
/workspace/python/keras-yolo3/VOCdevkit/VOC2007/JPEGImages/415.jpg 169,151,408,298,0 198,304,486,403,0 386,192,682,356,0 395,310,714,461,0 200,394,469,490,0 385,426,703,500,0 171,306,245,399,0 169,393,218,464,0 178,121,267,177,0 226,74,498,173,0 450,88,742,216,0 668,190,797,307,0 692,273,812,403,0
/workspace/python/keras-yolo3/VOCdevkit/VOC2007/JPEGImages/429.jpg 477,127,569,166,0 301,152,414,199,0 251,187,334,245,0 326,167,460,248,0 435,152,555,226,0 538,165,639,242,0 577,147,687,204,0 640,133,688,162,0 634,192,748,277,0 619,270,750,374,0 531,311,709,476,0 380,343,550,478,0 247,335,395,465,0 248,244,410,344,0 407,226,558,323,0
/workspace/python/keras-yolo3/VOCdevkit/VOC2007/JPEGImages/365.jpg 220,12,451,349,0 417,1,785,368,0 281,245,687,583,0 603,312,760,460,0
/workspace/python/keras-yolo3/VOCdevkit/VOC2007/JPEGImages/403.jpg 571,113,747,267,0 224,116,362,225,0 360,96,493,199,0 454,163,581,274,0 260,167,477,342,0 197,294,304,441,0 310,351,474,515,0 457,273,603,421,0 602,272,755,413,0 724,216,801,329,0
/workspace/python/keras-yolo3/VOCdevkit/VOC2007/JPEGImages/417.jpg 242,8,490,243,0 490,31,732,269,0 259,233,530,503,0 521,266,743,498,0 360,451,604,583,0
/workspace/python/keras-yolo3/VOCdevkit/VOC2007/JPEGImages/371.jpg 552,304,700,405,0 403,289,538,394,0 310,288,423,367,0 317,246,408,294,0 362,211,434,247,0 434,207,500,243,0 404,237,465,264,0 422,253,512,302,0 492,236,553,269,0 512,260,605,319,0 522,212,593,260,0 583,229,665,270,0 606,267,663,312,0
/workspace/python/keras-yolo3/VOCdevkit/VOC2007/JPEGImages/416.jpg 136,97,342,286,0 330,80,475,158,0 478,65,627,147,0 351,97,555,224,0 574,107,723,201,0 685,140,833,221,0 176,217,385,355,0 245,262,516,456,0 360,288,701,583,0 565,198,748,339,0
/workspace/python/keras-yolo3/VOCdevkit/VOC2007/JPEGImages/370.jpg 163,74,341,270,0 112,200,215,309,0 207,253,339,470,0 341,45,518,238,0 312,234,578,375,0 523,71,743,289,0 332,353,509,545,0 487,363,698,578,0 642,241,865,448,0
/workspace/python/keras-yolo3/VOCdevkit/VOC2007/JPEGImages/364.jpg 260,238,350,322,0 343,355,469,453,0 464,369,598,460,0 577,332,699,447,0 644,271,741,364,0 521,257,632,345,0 405,271,515,358,0 350,220,448,299,0 449,193,545,259,0 560,182,652,252,0 652,203,738,266,0 603,147,696,203,0 321,133,407,182,0 370,165,455,224,0 441,140,518,186,0 516,142,600,194,0 392,128,472,155,0 471,127,529,145,0 530,129,608,148,0
/workspace/python/keras-yolo3/VOCdevkit/VOC2007/JPEGImages/402.jpg 163,378,250,409,0 127,401,212,424,0 162,418,265,449,0 212,407,303,433,0 238,391,338,418,0 260,378,360,403,0 259,445,357,468,0 275,428,356,452,0 326,409,412,433,0 349,388,448,412,0 356,449,456,480,0 379,428,481,454,0 419,413,503,437,0 456,396,534,427,0 539,404,649,436,0 501,423,613,452,0 473,441,585,473,0 456,469,566,499,0 639,415,748,451,0 607,436,718,468,0 581,450,697,489,0 555,478,663,511,0 733,427,852,465,0 721,447,839,485,0 698,469,812,503,0 662,492,787,525,0 858,437,977,474,0 844,460,957,490,0 826,483,945,513,0 790,501,919,534,0
/workspace/python/keras-yolo3/VOCdevkit/VOC2007/JPEGImages/465.jpg 31,252,209,326,0 241,211,479,300,0 63,317,418,403,0 135,398,478,557,0 467,368,779,503,0 459,272,732,371,0 467,125,675,266,0 665,228,780,283,0 770,281,904,347,0 425,2,755,118,0 682,108,895,186,0 663,1,815,53,0 810,20,965,77,0 769,47,961,127,0 808,180,968,263,0
/workspace/python/keras-yolo3/VOCdevkit/VOC2007/JPEGImages/471.jpg 149,143,481,361,0 480,153,819,378,0
/workspace/python/keras-yolo3/VOCdevkit/VOC2007/JPEGImages/459.jpg 270,1,600,319,0 197,299,470,583,0 440,231,795,578,0
/workspace/python/keras-yolo3/VOCdevkit/VOC2007/JPEGImages/458.jpg 111,1,528,451,0 505,41,885,416,0
/workspace/python/keras-yolo3/VOCdevkit/VOC2007/JPEGImages/470.jpg 288,2,584,264,0 122,178,423,520,0 421,201,847,583,0
/workspace/python/keras-yolo3/VOCdevkit/VOC2007/JPEGImages/464.jpg 419,101,526,167,0 528,115,617,168,0 484,167,618,241,0 360,174,467,228,0 350,232,473,309,0 468,231,588,308,0 310,312,455,414,0 450,305,648,396,0 283,413,444,545,0 485,387,646,526,0 624,387,705,466,0 380,511,564,583,0
/workspace/python/keras-yolo3/VOCdevkit/VOC2007/JPEGImages/472.jpg 174,77,429,335,0 418,1,709,246,0 211,322,487,583,0 453,213,887,583,0
/workspace/python/keras-yolo3/VOCdevkit/VOC2007/JPEGImages/466.jpg 310,204,383,369,0 360,169,469,259,0 414,183,595,357,0 560,172,688,300,0 348,334,481,410,0
/workspace/python/keras-yolo3/VOCdevkit/VOC2007/JPEGImages/467.jpg 293,211,373,290,0 302,275,397,363,0 388,331,496,436,0 427,125,503,169,0 526,135,592,170,0 403,153,475,199,0 348,167,408,219,0 373,206,433,262,0 435,159,560,273,0 412,261,493,326,0 503,233,589,318,0 542,168,610,223,0 588,153,646,194,0 613,178,695,237,0 570,218,646,269,0 633,236,701,311,0 584,278,677,359,0 497,315,613,413,0
/workspace/python/keras-yolo3/VOCdevkit/VOC2007/JPEGImages/473.jpg 278,3,473,184,0 474,2,691,214,0 150,134,343,350,0 322,169,566,423,0 576,173,842,424,0 198,342,405,569,0 502,397,724,583,0 380,476,503,583,0
/workspace/python/keras-yolo3/VOCdevkit/VOC2007/JPEGImages/477.jpg 203,65,373,145,0 378,30,607,221,0 548,31,701,87,0 607,81,799,162,0 610,162,866,272,0 165,143,386,248,0 112,241,389,443,0 386,220,662,390,0 122,354,564,582,0
/workspace/python/keras-yolo3/VOCdevkit/VOC2007/JPEGImages/463.jpg 206,38,403,188,0 392,2,566,137,0 540,74,731,224,0 135,184,365,378,0 361,151,569,330,0 566,209,686,326,0 679,205,881,391,0 276,319,497,535,0 500,323,724,550,0
/workspace/python/keras-yolo3/VOCdevkit/VOC2007/JPEGImages/488.jpg 414,187,494,236,0 491,179,564,226,0 535,216,624,273,0 367,229,445,285,0 444,232,536,296,0 326,283,378,325,0 383,281,475,353,0 458,316,553,399,0 537,280,629,352,0
/workspace/python/keras-yolo3/VOCdevkit/VOC2007/JPEGImages/462.jpg 169,90,422,334,0 423,80,667,315,0 662,143,889,369,0 254,306,494,553,0 489,298,758,568,0
/workspace/python/keras-yolo3/VOCdevkit/VOC2007/JPEGImages/476.jpg 315,43,425,97,0 432,68,517,130,0 523,79,617,130,0 601,87,690,164,0 685,78,804,170,0 161,110,271,174,0 258,123,350,196,0 108,221,279,328,0 158,320,315,435,0 243,378,408,523,0 410,388,616,542,0 591,371,777,536,0 708,186,848,243,0 731,240,885,325,0 685,297,888,440,0
/workspace/python/keras-yolo3/VOCdevkit/VOC2007/JPEGImages/448.jpg 326,46,520,248,0 320,244,493,428,0 472,157,698,378,0
/workspace/python/keras-yolo3/VOCdevkit/VOC2007/JPEGImages/460.jpg 226,40,488,322,0 491,30,830,359,0 252,320,493,573,0 490,353,769,583,0
/workspace/python/keras-yolo3/VOCdevkit/VOC2007/JPEGImages/474.jpg 155,99,316,303,0 307,48,551,307,0 548,29,808,282,0 156,302,333,502,0 344,301,585,574,0 565,266,873,563,0
/workspace/python/keras-yolo3/VOCdevkit/VOC2007/JPEGImages/475.jpg 268,5,510,253,0 126,203,414,472,0 465,2,649,174,0 589,83,770,299,0 466,182,598,321,0 385,318,616,560,0 604,286,764,543,0
/workspace/python/keras-yolo3/VOCdevkit/VOC2007/JPEGImages/444.jpg 380,76,473,127,0 474,69,577,117,0 367,128,465,224,0 463,112,594,189,0 472,182,604,267,0 326,223,475,371,0 475,266,635,389,0 391,368,593,569,0
/workspace/python/keras-yolo3/VOCdevkit/VOC2007/JPEGImages/450.jpg 249,52,392,212,0 391,24,548,192,0 547,7,738,191,0 254,213,390,368,0 378,221,571,424,0 586,184,781,368,0 274,370,418,533,0 406,443,573,583,0 570,367,790,580,0
/workspace/python/keras-yolo3/VOCdevkit/VOC2007/JPEGImages/478.jpg 421,94,509,130,0 497,92,605,147,0 599,100,684,145,0 638,133,744,186,0 675,185,799,239,0 705,232,821,319,0 620,307,787,444,0 367,280,428,325,0 429,281,487,323,0 508,148,633,236,0 340,109,431,152,0 268,135,359,190,0 200,178,300,223,0 181,218,300,309,0 204,311,381,481,0 372,365,633,486,0 442,218,547,284,0 388,146,488,225,0
/workspace/python/keras-yolo3/VOCdevkit/VOC2007/JPEGImages/493.jpg 217,2,591,241,0 132,231,887,576,0 589,107,707,231,0
/workspace/python/keras-yolo3/VOCdevkit/VOC2007/JPEGImages/492.jpg 112,232,239,351,0 246,131,384,279,0 216,279,376,450,0 358,187,524,351,0 548,104,739,280,0 495,278,687,466,0 674,217,883,412,0
/workspace/python/keras-yolo3/VOCdevkit/VOC2007/JPEGImages/486.jpg 110,6,887,342,0 280,339,410,453,0 408,333,794,579,0
/workspace/python/keras-yolo3/VOCdevkit/VOC2007/JPEGImages/479.jpg 358,1,492,74,0 485,1,631,103,0 272,43,432,173,0 411,78,599,248,0 571,89,696,211,0 230,226,307,399,0 298,206,463,360,0 561,217,689,348,0 236,366,399,535,0 397,323,620,564,0 608,338,737,554,0 484,536,624,583,0 646,552,761,583,0
/workspace/python/keras-yolo3/VOCdevkit/VOC2007/JPEGImages/451.jpg 446,1,843,409,0 114,2,447,263,0 135,249,458,583,0
/workspace/python/keras-yolo3/VOCdevkit/VOC2007/JPEGImages/445.jpg 194,70,345,162,0 338,68,481,167,0 480,56,629,171,0 626,76,800,175,0 144,161,313,286,0 305,161,482,282,0 486,170,671,309,0 681,151,821,261,0 792,185,858,292,0 142,268,194,476,0 166,269,381,501,0 377,277,569,499,0 567,292,775,496,0 738,268,855,470,0
/workspace/python/keras-yolo3/VOCdevkit/VOC2007/JPEGImages/453.jpg 214,28,357,155,0 334,26,465,111,0 463,40,568,110,0 343,97,422,146,0 324,136,458,229,0 428,104,562,225,0 537,103,631,167,0 554,159,641,206,0 319,224,484,353,0 477,188,624,318,0 616,228,723,337,0 270,303,385,449,0 386,371,560,538,0 508,320,632,433,0 627,337,747,447,0 454,329,503,377,0 560,436,726,570,0
/workspace/python/keras-yolo3/VOCdevkit/VOC2007/JPEGImages/447.jpg 235,44,395,294,0 385,18,613,268,0 585,111,872,381,0 226,284,411,496,0 400,262,538,396,0 491,329,736,578,0 352,406,533,583,0
/workspace/python/keras-yolo3/VOCdevkit/VOC2007/JPEGImages/490.jpg 179,147,224,177,0 179,176,234,201,0 179,201,257,242,0 177,237,273,294,0 177,292,300,366,0 179,357,341,477,0 226,141,308,168,0 234,167,326,197,0 255,194,356,237,0 274,234,388,286,0 296,271,438,342,0 340,332,494,424,0 405,420,602,492,0 300,128,376,155,0 373,116,445,149,0 438,108,500,136,0 394,139,472,167,0 320,153,397,183,0 457,132,534,156,0 350,172,442,208,0 434,160,513,197,0 492,147,572,178,0 532,168,628,203,0 364,203,471,251,0 465,191,567,239,0 410,238,539,296,0 526,222,644,278,0 460,296,607,375,0 584,274,713,341,0 685,316,821,415,0 560,370,732,488,0 753,266,820,343,0 791,221,819,264,0 229,462,402,491,0
/workspace/python/keras-yolo3/VOCdevkit/VOC2007/JPEGImages/484.jpg 180,94,292,239,0 288,67,445,197,0 465,63,621,166,0 625,66,768,205,0 179,237,305,402,0 305,194,470,352,0 458,153,650,343,0 647,206,796,353,0 264,349,439,514,0 463,348,631,515,0 648,359,810,515,0 764,129,822,277,0 778,285,821,432,0
/workspace/python/keras-yolo3/VOCdevkit/VOC2007/JPEGImages/485.jpg 110,62,348,491,0 359,127,696,437,0 584,26,805,209,0 685,253,832,403,0 755,388,888,559,0
/workspace/python/keras-yolo3/VOCdevkit/VOC2007/JPEGImages/491.jpg 503,44,664,164,0 661,67,767,146,0 246,142,366,251,0 327,139,499,258,0 411,111,551,195,0 424,180,649,312,0 634,141,765,242,0 625,238,764,372,0 241,252,434,399,0 425,294,529,387,0 505,325,712,509,0 276,384,521,583,0 561,481,764,583,0
/workspace/python/keras-yolo3/VOCdevkit/VOC2007/JPEGImages/446.jpg 194,63,394,196,0 378,8,554,111,0 552,30,738,150,0 644,87,862,246,0 369,83,596,351,0 110,202,385,490,0 343,295,658,582,0 575,235,822,430,0 638,427,887,583,0
/workspace/python/keras-yolo3/VOCdevkit/VOC2007/JPEGImages/452.jpg 125,59,513,434,0 488,1,795,285,0 449,281,784,583,0
/workspace/python/keras-yolo3/VOCdevkit/VOC2007/JPEGImages/456.jpg 345,1,506,98,0 500,1,679,124,0 666,39,766,130,0 241,76,406,230,0 393,51,576,225,0 560,111,735,268,0 221,230,392,403,0 389,235,590,431,0 568,334,778,558,0 385,438,585,583,0
/workspace/python/keras-yolo3/VOCdevkit/VOC2007/JPEGImages/495.jpg 206,6,475,242,0 507,1,838,275,0 309,130,648,459,0 581,316,852,583,0 113,344,394,583,0
/workspace/python/keras-yolo3/VOCdevkit/VOC2007/JPEGImages/481.jpg 207,1,499,306,0 491,1,792,282,0 218,303,506,583,0 488,272,804,552,0
/workspace/python/keras-yolo3/VOCdevkit/VOC2007/JPEGImages/480.jpg 158,59,356,288,0 331,31,610,320,0 588,2,887,265,0 132,288,338,530,0 299,325,585,583,0 560,266,875,570,0
/workspace/python/keras-yolo3/VOCdevkit/VOC2007/JPEGImages/494.jpg 180,157,347,228,0 112,230,299,367,0 300,203,477,325,0 471,231,634,308,0 339,123,519,208,0 522,132,628,189,0 626,189,735,252,0 631,245,887,440,0 589,342,827,535,0 358,309,568,421,0 123,340,352,521,0 320,417,614,583,0
/workspace/python/keras-yolo3/VOCdevkit/VOC2007/JPEGImages/443.jpg 331,442,471,495,0 471,434,603,494,0 587,384,719,495,0 647,287,767,404,0 641,201,757,289,0 525,291,647,402,0 407,331,535,447,0 210,356,335,476,0 191,261,303,361,0 307,281,421,383,0 263,201,384,303,0 240,175,347,261,0 425,226,540,328,0 530,196,644,290,0 588,129,695,209,0 445,144,559,228,0 352,180,457,264,0 312,115,399,190,0 374,105,483,178,0 407,87,502,147,0 502,86,604,161,0
/workspace/python/keras-yolo3/VOCdevkit/VOC2007/JPEGImages/457.jpg 419,188,493,236,0 488,179,565,225,0 535,213,623,276,0 538,278,627,352,0 367,229,445,286,0 447,229,535,296,0 329,281,381,326,0 383,282,474,353,0 454,317,552,396,0
/workspace/python/keras-yolo3/VOCdevkit/VOC2007/JPEGImages/469.jpg 110,69,404,388,0 401,11,865,583,0
/workspace/python/keras-yolo3/VOCdevkit/VOC2007/JPEGImages/441.jpg 110,229,387,468,0 320,136,519,270,0 382,266,617,467,0 516,94,840,322,0
/workspace/python/keras-yolo3/VOCdevkit/VOC2007/JPEGImages/455.jpg 295,339,492,412,0 488,302,607,369,0 281,412,497,529,0 497,374,717,525,0
/workspace/python/keras-yolo3/VOCdevkit/VOC2007/JPEGImages/482.jpg 189,52,349,206,0 396,1,619,175,0 159,205,300,364,0 269,136,458,324,0 438,158,680,382,0 196,316,389,537,0 367,358,582,583,0 576,311,847,569,0
/workspace/python/keras-yolo3/VOCdevkit/VOC2007/JPEGImages/496.jpg 318,184,550,433,0 245,45,415,236,0 410,3,685,240,0 560,137,830,395,0 195,240,386,438,0 315,422,498,583,0 490,363,739,583,0
/workspace/python/keras-yolo3/VOCdevkit/VOC2007/JPEGImages/497.jpg 194,227,329,305,0 306,171,617,323,0 528,176,751,232,0 664,216,822,331,0 353,316,791,451,0
/workspace/python/keras-yolo3/VOCdevkit/VOC2007/JPEGImages/483.jpg 185,128,378,283,0 343,61,515,197,0 502,84,680,228,0 180,277,357,472,0 370,220,573,395,0 577,216,781,389,0 268,408,505,520,0 489,362,718,519,0
/workspace/python/keras-yolo3/VOCdevkit/VOC2007/JPEGImages/454.jpg 335,63,527,184,0 271,139,391,207,0 227,199,386,308,0 179,304,354,455,0 326,257,491,396,0 412,154,581,279,0 580,170,730,319,0 515,268,633,358,0 589,334,725,448,0 410,374,603,529,0 263,418,411,532,0
/workspace/python/keras-yolo3/VOCdevkit/VOC2007/JPEGImages/440.jpg 111,66,314,305,0 309,20,601,328,0 596,1,887,294,0 111,303,296,539,0 297,313,559,583,0 551,295,874,583,0
/workspace/python/keras-yolo3/VOCdevkit/VOC2007/JPEGImages/427.jpg 294,185,489,238,0 417,213,698,302,0 206,276,571,455,0 539,274,831,456,0
/workspace/python/keras-yolo3/VOCdevkit/VOC2007/JPEGImages/433.jpg 160,143,494,486,0 481,149,797,462,0
/workspace/python/keras-yolo3/VOCdevkit/VOC2007/JPEGImages/369.jpg 135,132,293,317,0 256,62,425,223,0 425,65,617,269,0 594,78,818,291,0 198,306,341,470,0 291,214,478,422,0 467,261,680,470,0 665,270,861,454,0
/workspace/python/keras-yolo3/VOCdevkit/VOC2007/JPEGImages/382.jpg 184,1,516,313,0 460,137,845,503,0 174,316,571,583,0
/workspace/python/keras-yolo3/VOCdevkit/VOC2007/JPEGImages/396.jpg 166,186,321,285,0 439,64,545,136,0 372,101,455,137,0 538,89,657,159,0 613,134,788,217,0 147,280,349,456,0 348,222,458,301,0 468,154,564,216,0 460,213,560,287,0 557,204,702,317,0 698,213,851,324,0 368,302,497,394,0 497,293,624,398,0 675,308,849,481,0 259,381,525,553,0 527,399,743,555,0 265,102,385,201,0 355,131,475,220,0
/workspace/python/keras-yolo3/VOCdevkit/VOC2007/JPEGImages/397.jpg 260,200,351,241,0 432,170,546,213,0 344,197,495,243,0 448,209,579,273,0 335,246,449,318,0 553,169,664,224,0 643,159,743,205,0 568,197,725,299,0 710,202,818,288,0 319,306,506,405,0 453,277,604,354,0 472,346,663,472,0 606,292,790,387,0
/workspace/python/keras-yolo3/VOCdevkit/VOC2007/JPEGImages/383.jpg 220,1,623,270,0 138,217,425,583,0 364,121,848,583,0
/workspace/python/keras-yolo3/VOCdevkit/VOC2007/JPEGImages/426.jpg 23,181,287,333,0 1,352,151,503,0 369,422,551,575,0 563,362,781,575,0 784,424,992,583,0 773,268,956,424,0 737,195,897,288,0 714,132,866,208,0 625,64,742,159,0 415,15,627,105,0 294,56,414,120,0
/workspace/python/keras-yolo3/VOCdevkit/VOC2007/JPEGImages/430.jpg 158,47,507,407,0 503,8,886,385,0 403,335,643,569,0
/workspace/python/keras-yolo3/VOCdevkit/VOC2007/JPEGImages/418.jpg 110,79,233,153,0 108,178,222,293,0 229,116,408,221,0 401,83,557,169,0 533,53,675,133,0 598,103,776,217,0 395,168,635,328,0 673,164,889,332,0 129,262,362,434,0 499,352,773,574,0
/workspace/python/keras-yolo3/VOCdevkit/VOC2007/JPEGImages/395.jpg 304,103,582,227,0 573,98,823,218,0 149,218,560,553,0 502,183,848,412,0
/workspace/python/keras-yolo3/VOCdevkit/VOC2007/JPEGImages/380.jpg 112,93,887,565,0 108,358,277,583,0
/workspace/python/keras-yolo3/VOCdevkit/VOC2007/JPEGImages/394.jpg 109,43,283,150,0 301,1,439,70,0 423,48,563,99,0 304,66,450,113,0 208,123,284,230,0 263,104,463,233,0 437,87,621,220,0 600,71,724,155,0 691,130,821,235,0 162,244,270,349,0 144,290,353,477,0 279,194,515,376,0 361,302,624,549,0 586,280,835,511,0 763,228,891,353,0 216,426,405,583,0 477,495,702,583,0 676,354,887,583,0 543,202,758,351,0
/workspace/python/keras-yolo3/VOCdevkit/VOC2007/JPEGImages/419.jpg 301,71,457,141,0 485,67,636,143,0 631,104,812,193,0 660,189,890,322,0 523,286,797,490,0 239,299,530,522,0 104,221,348,375,0 161,137,348,228,0
/workspace/python/keras-yolo3/VOCdevkit/VOC2007/JPEGImages/425.jpg 309,347,330,368,0 328,354,350,368,0 315,335,332,350,0 319,321,335,331,0 332,308,348,324,0 352,309,363,322,0 335,320,358,335,0 332,338,345,352,0 343,332,358,347,0 355,325,373,340,0 464,266,477,281,0 478,259,493,269,0 476,268,491,279,0 480,279,497,291,0 498,279,513,294,0 515,271,529,283,0 513,261,528,273,0 493,266,510,278,0 491,254,509,268,0
/workspace/python/keras-yolo3/VOCdevkit/VOC2007/JPEGImages/431.jpg 312,1,715,366,0 125,244,460,582,0 450,334,739,583,0
/workspace/python/keras-yolo3/VOCdevkit/VOC2007/JPEGImages/409.jpg 330,135,431,210,0 423,99,520,168,0 532,107,625,174,0 284,217,396,318,0 385,234,482,320,0 380,197,435,240,0 575,151,683,230,0 501,244,617,346,0 610,228,716,326,0 313,307,441,428,0 433,326,562,453,0 566,330,690,450,0 440,140,570,257,0
/workspace/python/keras-yolo3/VOCdevkit/VOC2007/JPEGImages/435.jpg 199,125,413,332,0 320,85,430,164,0 418,109,605,272,0 602,103,801,269,0 352,259,545,446,0 568,269,788,480,0
/workspace/python/keras-yolo3/VOCdevkit/VOC2007/JPEGImages/421.jpg 329,45,521,250,0 320,245,493,427,0 471,156,694,376,0
/workspace/python/keras-yolo3/VOCdevkit/VOC2007/JPEGImages/390.jpg 201,143,381,358,0 358,1,597,230,0 564,139,851,411,0 252,356,441,576,0 376,204,572,417,0 431,382,749,583,0
/workspace/python/keras-yolo3/VOCdevkit/VOC2007/JPEGImages/385.jpg 215,3,538,321,0 111,253,468,581,0 460,265,826,583,0
/workspace/python/keras-yolo3/VOCdevkit/VOC2007/JPEGImages/391.jpg 112,122,254,288,0 247,103,408,291,0 388,123,568,315,0 556,108,780,323,0 130,281,278,448,0 274,271,457,468,0 453,297,680,524,0 668,273,889,497,0
/workspace/python/keras-yolo3/VOCdevkit/VOC2007/JPEGImages/420.jpg 420,326,474,355,0 432,299,563,347,0 559,316,609,343,0 575,295,660,329,0 633,286,681,311,0 620,274,685,292,0 623,265,669,276,0 608,247,660,266,0 585,244,619,262,0 559,243,594,256,0 372,319,436,344,0 321,299,407,331,0 292,298,330,323,0 289,283,352,298,0 303,265,352,282,0 325,253,373,273,0 361,247,402,269,0 401,244,450,263,0
/workspace/python/keras-yolo3/VOCdevkit/VOC2007/JPEGImages/434.jpg 386,154,488,224,0 488,144,597,206,0 582,191,701,277,0 448,221,547,293,0 320,245,450,350,0 418,293,572,425,0 555,281,700,406,0
/workspace/python/keras-yolo3/VOCdevkit/VOC2007/JPEGImages/408.jpg 180,96,293,239,0 286,65,444,197,0 467,62,620,164,0 625,61,770,206,0 179,239,307,403,0 307,192,468,355,0 459,155,652,360,0 646,205,796,353,0 764,133,821,282,0 778,288,820,437,0 264,348,436,515,0 462,348,631,516,0 650,359,811,517,0
/workspace/python/keras-yolo3/VOCdevkit/VOC2007/JPEGImages/378.jpg 203,295,391,434,0 388,271,605,428,0 601,297,763,394,0 228,435,426,583,0 440,435,640,583,0 632,370,809,537,0
/workspace/python/keras-yolo3/VOCdevkit/VOC2007/JPEGImages/422.jpg 183,1,469,295,0 462,124,825,497,0 188,295,475,583,0
/workspace/python/keras-yolo3/VOCdevkit/VOC2007/JPEGImages/436.jpg 310,104,632,322,0 164,126,312,253,0 161,217,382,478,0 282,99,463,176,0 573,91,766,176,0 601,161,837,380,0 339,334,735,481,0 749,404,835,482,0
/workspace/python/keras-yolo3/VOCdevkit/VOC2007/JPEGImages/387.jpg 195,62,396,197,0 376,8,554,111,0 552,29,739,149,0 641,68,861,248,0 109,197,386,485,0 366,78,600,349,0 342,278,656,582,0 576,235,824,431,0 637,417,889,583,0
/workspace/python/keras-yolo3/VOCdevkit/VOC2007/JPEGImages/393.jpg 271,286,385,386,0 272,219,400,284,0 375,184,466,237,0 581,194,696,251,0 598,253,710,334,0 531,320,712,445,0 342,315,523,465,0 380,220,479,305,0 490,217,602,314,0
/workspace/python/keras-yolo3/VOCdevkit/VOC2007/JPEGImages/392.jpg 156,131,472,550,0 388,9,740,223,0 466,215,831,553,0
/workspace/python/keras-yolo3/VOCdevkit/VOC2007/JPEGImages/386.jpg 163,123,311,259,0 282,95,478,178,0 563,92,764,174,0 160,215,384,482,0 312,102,632,299,0 313,352,736,480,0 594,160,835,379,0
/workspace/python/keras-yolo3/VOCdevkit/VOC2007/JPEGImages/437.jpg 38,46,377,312,0 498,76,739,253,0 704,150,960,336,0 35,312,312,578,0 292,169,586,544,0 556,298,915,583,0
/workspace/python/keras-yolo3/VOCdevkit/VOC2007/JPEGImages/423.jpg 132,1,415,250,0 389,78,577,279,0 570,109,736,293,0 739,110,867,263,0 108,237,348,479,0 340,285,621,433,0 615,292,747,457,0 744,271,877,427,0
/workspace/python/keras-yolo3/VOCdevkit/VOC2007/JPEGImages/379.jpg 344,165,466,240,0 453,138,603,239,0 566,115,740,219,0 290,232,434,345,0 414,232,560,426,0 559,214,718,300,0 733,226,821,328,0 550,287,684,403,0 663,284,807,392,0 278,364,522,497,0 565,415,725,497,0 701,379,817,498,0
